Time,ZebraCount,LionCount
0,20,0
1000,38,0
2000,28,0
3000,33,0
4000,34,0
5000,35,0
6000,34,0
7000,35,0
8000,33,0
9000,35,0
10000,26,0
11000,27,0
12000,28,0
13000,32,0
14000,28,0
15000,28,0
16000,28,0
17000,26,0
18000,27,0
19000,29,0
20000,29,0
21000,26,0
22000,22,0
23000,21,0
24000,22,0
25000,21,0
26000,19,0
27000,19,0
28000,17,0
29000,18,0
30000,22,0
31000,21,0
32000,16,0
33000,15,0
34000,15,0
35000,16,0
36000,15,0
37000,14,0
38000,12,0
39000,12,0
40000,13,0
41000,14,0
42000,15,0
43000,14,0
44000,14,0
45000,16,0
46000,16,0
47000,14,0
48000,12,0
49000,14,0
50000,11,0
51000,10,0
52000,12,0
53000,11,0
54000,12,0
55000,11,0
56000,12,0
57000,9,0
58000,12,0
59000,16,0
60000,13,0
61000,10,0
62000,12,0
63000,14,0
64000,14,0
65000,14,0
66000,16,0
67000,12,0
68000,11,0
69000,14,0
70000,11,0
71000,13,0
72000,12,0
73000,14,0
74000,14,0
75000,14,0
76000,14,0
77000,15,0
78000,13,0
79000,12,0
80000,10,0
81000,11,0
82000,13,0
83000,14,0
84000,13,0
85000,13,0
86000,15,0
87000,14,0
88000,13,0
89000,12,0
90000,12,0
91000,13,0
92000,14,0
93000,14,0
94000,14,0
95000,13,0
96000,12,0
97000,15,0
98000,16,0
99000,17,0
100000,19,0
101000,22,0
102000,20,0
103000,20,0
104000,21,0
105000,22,0
106000,20,0
107000,22,0
108000,24,0
109000,23,0
110000,23,0
111000,25,0
112000,24,0
113000,22,0
114000,22,0
115000,21,0
116000,23,0
117000,24,0
118000,25,0
119000,26,0
120000,28,0
121000,29,0
122000,29,0
123000,27,0
124000,31,0
125000,33,0
126000,32,0
127000,30,0
128000,31,0
129000,29,0
130000,26,0
131000,26,0
132000,26,0
133000,24,0
134000,23,0
135000,23,0
136000,25,0
137000,26,0
138000,25,0
139000,23,0
140000,22,0
141000,22,0
142000,22,0
143000,22,0
144000,23,0
145000,23,0
146000,22,0
147000,23,0
148000,22,0
149000,22,0
150000,19,0
151000,19,0
152000,18,0
153000,17,0
154000,18,0
155000,18,0
156000,18,0
157000,18,0
158000,18,0
159000,19,0
160000,19,0
161000,19,0
162000,21,0
163000,22,0
164000,20,0
165000,19,0
166000,19,0
167000,18,0
168000,21,0
169000,23,0
170000,27,0
171000,31,0
172000,31,0
173000,29,0
174000,28,0
175000,27,0
176000,30,0
177000,33,0
178000,32,0
179000,33,0
180000,30,0
181000,31,0
182000,30,0
183000,31,0
184000,28,0
185000,28,0
186000,26,0
187000,27,0
188000,29,0
189000,28,0
190000,28,0
191000,26,0
192000,27,0
193000,29,0
194000,33,0
195000,34,0
196000,34,0
197000,33,0
198000,35,0
199000,34,0
200000,31,0
201000,26,0
202000,28,0
203000,29,0
204000,29,0
205000,29,0
206000,26,0
207000,27,0
208000,26,0
209000,27,0
210000,26,0
211000,25,0
212000,28,0
213000,29,0
214000,30,0
215000,28,0
216000,30,0
217000,29,0
218000,29,0
219000,34,0
220000,35,0
221000,33,0
222000,35,0
223000,32,0
224000,32,0
225000,30,0
226000,29,0
227000,28,0
228000,33,0
229000,33,0
230000,31,0
231000,30,0
232000,29,0
233000,30,0
234000,32,0
235000,32,0
236000,29,0
237000,30,0
238000,30,0
239000,35,0
240000,35,0
241000,38,0
242000,39,0
243000,37,0
244000,40,0
245000,37,0
246000,37,0
247000,35,0
248000,35,0
249000,33,0
250000,38,0
251000,40,0
252000,44,0
253000,43,0
254000,45,0
255000,43,0
256000,45,0
257000,36,0
258000,34,0
259000,35,0
260000,36,0
261000,34,0
262000,31,0
263000,32,0
264000,33,0
265000,30,0
266000,31,0
267000,28,0
268000,26,0
269000,29,0
270000,27,0
271000,27,0
272000,28,0
273000,27,0
274000,26,0
275000,26,0
276000,25,0
277000,25,0
278000,25,0
279000,26,0
280000,25,0
281000,25,0
282000,24,0
283000,26,0
284000,25,0
285000,25,0
286000,25,0
287000,24,0
288000,27,0
289000,27,0
290000,27,0
291000,28,0
292000,26,0
293000,24,0
294000,24,0
295000,26,0
296000,23,0
297000,23,0
298000,24,0
299000,25,0
300000,27,0
301000,27,0
302000,26,0
303000,24,0
304000,21,0
305000,21,0
306000,23,0
307000,24,0
308000,27,0
309000,28,0
310000,24,0
311000,24,0
312000,23,0
313000,24,0
314000,24,0
315000,28,0
316000,29,0
317000,29,0
318000,30,0
319000,28,0
320000,30,0
321000,33,0
322000,34,0
323000,29,0
324000,30,0
325000,33,0
326000,35,0
327000,32,0
328000,34,0
329000,33,0
330000,30,0
331000,34,0
332000,30,0
333000,31,0
334000,32,0
335000,31,0
336000,29,0
337000,26,0
338000,24,0
339000,25,0
340000,23,0
341000,23,0
342000,23,0
343000,21,0
344000,23,0
345000,22,0
346000,22,0
347000,21,0
348000,20,0
349000,20,0
350000,21,0
351000,24,0
352000,25,0
353000,26,0
354000,26,0
355000,25,0
356000,29,0
357000,30,0
358000,30,0
359000,30,0
360000,26,0
361000,28,0
362000,25,0
363000,26,0
364000,24,0
365000,23,0
366000,22,0
367000,22,0
368000,20,0
369000,21,0
370000,22,0
371000,21,0
372000,20,0
373000,25,0
374000,23,0
375000,26,0
376000,28,0
377000,31,0
378000,33,0
379000,34,0
380000,29,0
381000,27,0
382000,29,0
383000,30,0
384000,32,0
385000,31,0
386000,30,0
387000,26,0
388000,24,0
389000,25,0
390000,27,0
391000,27,0
392000,26,0
393000,25,0
394000,27,0
395000,27,0
396000,27,0
397000,26,0
398000,22,0
399000,20,0
400000,18,0
401000,20,0
402000,22,0
403000,25,0
404000,24,0
405000,22,0
406000,21,0
407000,19,0
408000,21,0
409000,22,0
410000,21,0
411000,20,0
412000,21,0
413000,23,0
414000,28,0
415000,22,0
416000,16,0
417000,22,0
418000,22,0
419000,24,0
420000,26,0
421000,26,0
422000,25,0
423000,21,0
424000,19,0
425000,22,0
426000,23,0
427000,23,0
428000,24,0
429000,25,0
430000,27,0
431000,24,0
432000,24,0
433000,23,0
434000,27,0
435000,29,0
436000,27,0
437000,27,0
438000,26,0
439000,30,0
440000,30,0
441000,32,0
442000,33,0
443000,33,0
444000,33,0
445000,33,0
446000,31,0
447000,31,0
448000,29,0
449000,29,0
450000,25,0
451000,26,0
452000,24,0
453000,23,0
454000,25,0
455000,23,0
456000,24,0
457000,27,0
458000,25,0
459000,27,0
460000,24,0
461000,25,0
462000,27,0
463000,25,0
464000,24,0
465000,22,0
466000,20,0
467000,19,0
468000,18,0
469000,19,0
470000,15,0
471000,12,0
472000,11,0
473000,11,0
474000,8,0
475000,10,0
476000,11,0
477000,10,0
478000,10,0
479000,10,0
480000,11,0
481000,13,0
482000,11,0
483000,10,0
484000,13,0
485000,13,0
486000,16,0
487000,15,0
488000,17,0
489000,19,0
490000,17,0
491000,21,0
492000,24,0
493000,21,0
494000,20,0
495000,19,0
496000,20,0
497000,19,0
498000,20,0
499000,21,0
500000,21,0
501000,20,0
502000,19,0
503000,20,0
504000,20,0
505000,18,0
506000,21,0
507000,20,0
508000,20,0
509000,20,0
510000,22,0
511000,24,0
512000,25,0
513000,20,0
514000,20,0
515000,17,0
516000,17,0
517000,20,0
518000,19,0
519000,20,0
520000,21,0
521000,22,0
522000,24,0
523000,26,0
524000,27,0
525000,31,0
526000,29,0
527000,31,0
528000,28,0
529000,28,0
530000,29,0
531000,30,0
532000,31,0
533000,32,0
534000,31,0
535000,31,0
536000,38,0
537000,39,0
538000,41,0
539000,38,0
540000,36,0
541000,29,0
542000,30,0
543000,28,0
544000,31,0
545000,30,0
546000,28,0
547000,26,0
548000,26,0
549000,28,0
550000,28,0
551000,26,0
552000,26,0
553000,29,0
554000,31,0
555000,31,0
556000,34,0
557000,36,0
558000,39,0
559000,38,0
560000,38,0
561000,39,0
562000,36,0
563000,36,0
564000,37,0
565000,38,0
566000,38,0
567000,42,0
568000,39,0
569000,38,0
570000,33,0
571000,30,0
572000,29,0
573000,29,0
574000,26,0
575000,26,0
576000,29,0
577000,30,0
578000,30,0
579000,34,0
580000,33,0
581000,36,0
582000,36,0
583000,35,0
584000,35,0
585000,33,0
586000,32,0
587000,30,0
588000,28,0
589000,27,0
590000,31,0
591000,35,0
592000,34,0
593000,34,0
594000,32,0
595000,29,0
596000,29,0
597000,31,0
598000,33,0
599000,33,0
600000,32,0
601000,33,0
602000,34,0
603000,35,0
604000,39,0
605000,37,0
606000,38,0
607000,39,0
608000,31,0
609000,36,0
610000,38,0
611000,32,0
612000,31,0
613000,32,0
614000,31,0
615000,30,0
616000,30,0
617000,29,0
618000,31,0
619000,30,0
620000,31,0
621000,29,0
622000,28,0
623000,28,0
624000,27,0
625000,26,0
626000,25,0
627000,23,0
628000,24,0
629000,27,0
630000,28,0
631000,26,0
632000,19,0
633000,19,0
634000,19,0
635000,18,0
636000,19,0
637000,21,0
638000,20,0
639000,16,0
640000,16,0
641000,17,0
642000,18,0
643000,19,0
644000,19,0
645000,20,0
646000,16,0
647000,17,0
648000,16,0
649000,16,0
650000,16,0
651000,18,0
652000,18,0
653000,17,0
654000,18,0
655000,17,0
656000,17,0
657000,18,0
658000,19,0
659000,19,0
660000,20,0
661000,22,0
662000,22,0
663000,22,0
664000,21,0
665000,19,0
666000,22,0
667000,23,0
668000,23,0
669000,22,0
670000,23,0
671000,22,0
672000,21,0
673000,22,0
674000,18,0
675000,19,0
676000,20,0
677000,19,0
678000,19,0
679000,18,0
680000,18,0
681000,16,0
682000,16,0
683000,18,0
684000,16,0
685000,16,0
686000,15,0
687000,14,0
688000,12,0
689000,12,0
690000,14,0
691000,14,0
692000,15,0
693000,15,0
694000,14,0
695000,14,0
696000,14,0
697000,12,0
698000,14,0
699000,14,0
700000,15,0
701000,16,0
702000,14,0
703000,15,0
704000,15,0
705000,15,0
706000,14,0
707000,16,0
708000,19,0
709000,19,0
710000,20,0
711000,19,0
712000,19,0
713000,19,0
714000,20,0
715000,18,0
716000,19,0
717000,21,0
718000,23,0
719000,24,0
720000,25,0
721000,27,0
722000,28,0
723000,28,0
724000,25,0
725000,26,0
726000,25,0
727000,26,0
728000,24,0
729000,25,0
730000,24,0
731000,26,0
732000,25,0
733000,26,0
734000,26,0
735000,25,0
736000,25,0
737000,25,0
738000,23,0
739000,24,0
740000,26,0
741000,23,0
742000,24,0
743000,21,0
744000,22,0
745000,19,0
746000,20,0
747000,20,0
748000,20,0
749000,21,0
750000,23,0
751000,25,0
752000,25,0
753000,23,0
754000,24,0
755000,25,0
756000,28,0
757000,27,0
758000,25,0
759000,29,0
760000,27,0
761000,25,0
762000,26,0
763000,25,0
764000,26,0
765000,25,0
766000,24,0
767000,26,0
768000,30,0
769000,32,0
770000,30,0
771000,28,0
772000,30,0
773000,30,0
774000,27,0
775000,29,0
776000,30,0
777000,31,0
778000,28,0
779000,29,0
780000,31,0
781000,30,0
782000,33,0
783000,33,0
784000,32,0
785000,30,0
786000,30,0
787000,30,0
788000,29,0
789000,26,0
790000,25,0
791000,28,0
792000,32,0
793000,28,0
794000,28,0
795000,30,0
796000,34,0
797000,36,0
798000,37,0
799000,32,0
800000,31,0
801000,32,0
802000,32,0
803000,33,0
804000,32,0
805000,28,0
806000,28,0
807000,32,0
808000,28,0
809000,30,0
810000,29,0
811000,29,0
812000,28,0
813000,29,0
814000,28,0
815000,28,0
816000,27,0
817000,26,0
818000,23,0
819000,23,0
820000,22,0
821000,24,0
822000,25,0
823000,28,0
824000,30,0
825000,31,0
826000,30,0
827000,29,0
828000,27,0
829000,26,0
830000,26,0
831000,25,0
832000,25,0
833000,25,0
834000,25,0
835000,27,0
836000,25,0
837000,26,0
838000,23,0
839000,24,0
840000,23,0
841000,23,0
842000,24,0
843000,23,0
844000,22,0
845000,22,0
846000,24,0
847000,24,0
848000,23,0
849000,23,0
850000,21,0
851000,17,0
852000,17,0
853000,18,0
854000,18,0
855000,19,0
856000,18,0
857000,15,0
858000,14,0
859000,15,0
860000,16,0
861000,17,0
862000,18,0
863000,19,0
864000,20,0
865000,19,0
866000,19,0
867000,19,0
868000,18,0
869000,18,0
870000,23,0
871000,21,0
872000,24,0
873000,27,0
874000,25,0
875000,26,0
876000,25,0
877000,27,0
878000,24,0
879000,24,0
880000,22,0
881000,23,0
882000,25,0
883000,29,0
884000,28,0
885000,28,0
886000,27,0
887000,25,0
888000,26,0
889000,26,0
890000,28,0
891000,30,0
892000,28,0
893000,27,0
894000,27,0
895000,26,0
896000,27,0
897000,27,0
898000,27,0
899000,25,0
900000,24,0
901000,21,0
902000,20,0
903000,20,0
904000,23,0
905000,24,0
906000,23,0
907000,21,0
908000,22,0
909000,22,0
910000,22,0
911000,23,0
912000,26,0
913000,27,0
914000,26,0
915000,27,0
916000,26,0
917000,26,0
918000,24,0
919000,23,0
920000,23,0
921000,22,0
922000,23,0
923000,23,0
924000,23,0
925000,22,0
926000,22,0
927000,22,0
928000,20,0
929000,21,0
930000,20,0
931000,22,0
932000,21,0
933000,21,0
934000,19,0
935000,18,0
936000,18,0
937000,17,0
938000,17,0
939000,18,0
940000,16,0
941000,16,0
942000,15,0
943000,15,0
944000,15,0
945000,15,0
946000,15,0
947000,16,0
948000,16,0
949000,15,0
950000,15,0
951000,17,0
952000,18,0
953000,19,0
954000,19,0
955000,19,0
956000,19,0
957000,18,0
958000,17,0
959000,17,0
960000,17,0
961000,16,0
962000,17,0
963000,17,0
964000,17,0
965000,17,0
966000,17,0
967000,16,0
968000,19,0
969000,21,0
970000,23,0
971000,23,0
972000,26,0
973000,25,0
974000,24,0
975000,23,0
976000,23,0
977000,24,0
978000,22,0
979000,23,0
980000,23,0
981000,23,0
982000,22,0
983000,20,0
984000,20,0
985000,20,0
986000,20,0
987000,21,0
988000,21,0
989000,22,0
990000,21,0
991000,18,0
992000,18,0
993000,18,0
994000,19,0
995000,20,0
996000,19,0
997000,21,0
998000,20,0
999000,20,0
1000000,22,0
1001000,25,0
1002000,26,0
1003000,25,0
1004000,24,0
1005000,24,0
1006000,23,0
1007000,24,0
1008000,24,0
1009000,23,0
1010000,20,0
1011000,19,0
1012000,20,0
1013000,18,0
1014000,18,0
1015000,18,0
1016000,19,0
1017000,18,0
1018000,18,0
1019000,19,0
1020000,18,0
1021000,19,0
1022000,21,0
1023000,23,0
1024000,23,0
1025000,24,0
1026000,23,0
1027000,23,0
1028000,22,0
1029000,23,0
1030000,24,0
1031000,24,0
1032000,25,0
1033000,24,0
1034000,26,0
1035000,28,0
1036000,30,0
1037000,28,0
1038000,28,0
1039000,31,0
1040000,31,0
1041000,30,0
1042000,28,0
1043000,26,0
1044000,27,0
1045000,29,0
1046000,29,0
1047000,27,0
1048000,27,0
1049000,27,0
1050000,29,0
1051000,29,0
1052000,27,0
1053000,26,0
1054000,26,0
1055000,25,0
1056000,26,0
1057000,27,0
1058000,26,0
1059000,26,0
1060000,27,0
1061000,25,0
1062000,23,0
1063000,22,0
1064000,22,0
1065000,22,0
1066000,22,0
1067000,22,0
1068000,21,0
1069000,21,0
1070000,23,0
1071000,25,0
1072000,25,0
1073000,24,0
1074000,25,0
1075000,23,0
1076000,22,0
1077000,21,0
1078000,21,0
1079000,22,0
1080000,21,0
1081000,20,0
1082000,21,0
1083000,23,0
1084000,25,0
1085000,25,0
1086000,23,0
1087000,23,0
1088000,22,0
1089000,22,0
1090000,24,0
1091000,24,0
1092000,24,0
1093000,26,0
1094000,25,0
1095000,25,0
1096000,26,0
1097000,27,0
1098000,28,0
1099000,28,0
1100000,28,0
1101000,29,0
1102000,30,0
1103000,29,0
1104000,27,0
1105000,27,0
1106000,26,0
1107000,25,0
1108000,25,0
1109000,23,0
1110000,23,0
1111000,26,0
1112000,24,0
1113000,26,0
1114000,27,0
1115000,29,0
1116000,29,0
1117000,30,0
1118000,29,0
1119000,31,0
1120000,31,0
1121000,31,0
1122000,30,0
1123000,30,0
1124000,29,0
1125000,32,0
1126000,29,0
1127000,27,0
1128000,25,0
1129000,25,0
1130000,25,0
1131000,24,0
1132000,25,0
1133000,24,0
1134000,23,0
1135000,25,0
1136000,24,0
1137000,23,0
1138000,24,0
1139000,22,0
1140000,22,0
1141000,22,0
1142000,21,0
1143000,21,0
1144000,20,0
1145000,19,0
1146000,20,0
1147000,20,0
1148000,19,0
1149000,20,0
1150000,19,0
1151000,19,0
1152000,20,0
1153000,19,0
1154000,21,0
1155000,22,0
1156000,23,0
1157000,21,0
1158000,20,0
1159000,20,0
1160000,20,0
1161000,20,0
1162000,20,0
1163000,23,0
1164000,23,0
1165000,24,0
1166000,22,0
1167000,21,0
1168000,21,0
1169000,20,0
1170000,20,0
1171000,20,0
1172000,20,0
1173000,21,0
1174000,22,0
1175000,21,0
1176000,20,0
1177000,19,0
1178000,19,0
1179000,18,0
1180000,19,0
1181000,20,0
1182000,21,0
1183000,20,0
1184000,20,0
1185000,20,0
1186000,20,0
1187000,20,0
1188000,18,0
1189000,21,0
1190000,22,0
1191000,20,0
1192000,22,0
1193000,21,0
1194000,22,0
1195000,24,0
1196000,23,0
1197000,23,0
1198000,23,0
1199000,24,0
1200000,24,0
1201000,24,0
1202000,24,0
1203000,22,0
1204000,21,0
1205000,20,0
1206000,20,0
1207000,18,0
1208000,17,0
1209000,18,0
1210000,18,0
1211000,17,0
1212000,16,0
1213000,15,0
1214000,16,0
1215000,15,0
1216000,15,0
1217000,16,0
1218000,16,0
1219000,18,0
1220000,18,0
1221000,18,0
1222000,17,0
1223000,16,0
1224000,18,0
1225000,20,0
1226000,17,0
1227000,17,0
1228000,17,0
1229000,18,0
1230000,17,0
1231000,17,0
1232000,17,0
1233000,16,0
1234000,17,0
1235000,14,0
1236000,12,0
1237000,12,0
1238000,11,0
1239000,12,0
1240000,13,0
1241000,13,0
1242000,14,0
1243000,13,0
1244000,13,0
1245000,13,0
1246000,14,0
1247000,15,0
1248000,15,0
1249000,14,0
1250000,12,0
1251000,12,0
1252000,12,0
1253000,12,0
1254000,12,0
1255000,11,0
1256000,11,0
1257000,13,0
1258000,12,0
1259000,12,0
1260000,14,0
1261000,13,0
1262000,15,0
1263000,14,0
1264000,13,0
1265000,14,0
1266000,16,0
1267000,16,0
1268000,17,0
1269000,17,0
1270000,17,0
1271000,17,0
1272000,18,0
1273000,20,0
1274000,20,0
1275000,19,0
1276000,18,0
1277000,18,0
1278000,18,0
1279000,18,0
1280000,20,0
1281000,20,0
1282000,23,0
1283000,22,0
1284000,23,0
1285000,24,0
1286000,23,0
1287000,22,0
1288000,22,0
1289000,22,0
1290000,21,0
1291000,21,0
1292000,19,0
1293000,19,0
1294000,20,0
1295000,20,0
1296000,19,0
1297000,19,0
1298000,19,0
1299000,20,0
1300000,21,0
1301000,21,0
1302000,21,0
1303000,22,0
1304000,20,0
1305000,19,0
1306000,18,0
1307000,19,0
1308000,17,0
1309000,18,0
1310000,17,0
1311000,15,0
1312000,14,0
1313000,14,0
1314000,15,0
1315000,15,0
1316000,13,0
1317000,13,0
1318000,13,0
1319000,13,0
1320000,13,0
1321000,13,0
1322000,12,0
1323000,14,0
1324000,14,0
1325000,15,0
1326000,17,0
1327000,16,0
1328000,14,0
1329000,16,0
1330000,17,0
1331000,17,0
1332000,19,0
1333000,19,0
1334000,19,0
1335000,19,0
1336000,20,0
1337000,22,0
1338000,22,0
1339000,23,0
1340000,22,0
1341000,23,0
1342000,24,0
1343000,23,0
1344000,23,0
1345000,22,0
1346000,22,0
1347000,22,0
1348000,23,0
1349000,23,0
1350000,22,0
1351000,22,0
1352000,23,0
1353000,23,0
1354000,20,0
1355000,20,0
1356000,20,0
1357000,19,0
1358000,20,0
1359000,20,0
1360000,20,0
1361000,20,0
1362000,19,0
1363000,20,0
1364000,21,0
1365000,19,0
1366000,18,0
1367000,18,0
1368000,20,0
1369000,20,0
1370000,21,0
1371000,21,0
1372000,21,0
1373000,19,0
1374000,19,0
1375000,17,0
1376000,17,0
1377000,17,0
1378000,17,0
1379000,19,0
1380000,19,0
1381000,19,0
1382000,20,0
1383000,20,0
1384000,20,0
1385000,20,0
1386000,21,0
1387000,22,0
1388000,23,0
1389000,23,0
1390000,25,0
1391000,24,0
1392000,24,0
1393000,24,0
1394000,24,0
1395000,24,0
1396000,23,0
1397000,23,0
1398000,22,0
1399000,21,0
1400000,23,0
1401000,23,0
1402000,23,0
1403000,23,0
1404000,24,0
1405000,22,0
1406000,22,0
1407000,22,0
1408000,22,0
1409000,22,0
1410000,22,0
1411000,21,0
1412000,20,0
1413000,20,0
1414000,18,0
1415000,17,0
1416000,16,0
1417000,17,0
1418000,18,0
1419000,17,0
1420000,17,0
1421000,16,0
1422000,16,0
1423000,16,0
1424000,18,0
1425000,17,0
1426000,16,0
1427000,16,0
1428000,16,0
1429000,15,0
1430000,14,0
1431000,13,0
1432000,11,0
1433000,12,0
1434000,11,0
1435000,11,0
1436000,12,0
1437000,12,0
1438000,12,0
1439000,14,0
1440000,14,0
1441000,15,0
1442000,17,0
1443000,18,0
1444000,18,0
1445000,18,0
1446000,18,0
1447000,18,0
1448000,17,0
1449000,15,0
1450000,14,0
1451000,11,0
1452000,9,0
1453000,8,0
1454000,10,0
1455000,10,0
1456000,12,0
1457000,14,0
1458000,12,0
1459000,12,0
1460000,14,0
1461000,15,0
1462000,15,0
1463000,15,0
1464000,13,0
1465000,13,0
1466000,13,0
1467000,13,0
1468000,12,0
1469000,13,0
1470000,13,0
1471000,17,0
1472000,20,0
1473000,23,0
1474000,23,0
1475000,24,0
1476000,26,0
1477000,29,0
1478000,29,0
1479000,30,0
1480000,28,0
1481000,31,0
1482000,31,0
1483000,31,0
1484000,28,0
1485000,26,0
1486000,24,0
1487000,22,0
1488000,23,0
1489000,23,0
1490000,21,0
1491000,19,0
1492000,21,0
1493000,19,0
1494000,19,0
1495000,20,0
1496000,21,0
1497000,21,0
1498000,21,0
1499000,19,0
1500000,17,0
1501000,17,0
1502000,15,0
1503000,15,0
1504000,14,0
1505000,16,0
1506000,19,0
1507000,19,0
1508000,18,0
1509000,20,0
1510000,17,0
1511000,18,0
1512000,18,0
1513000,19,0
1514000,19,0
1515000,19,0
1516000,21,0
1517000,20,0
1518000,24,0
1519000,21,0
1520000,20,0
1521000,19,0
1522000,17,0
1523000,19,0
1524000,15,0
1525000,14,0
1526000,15,0
1527000,18,0
1528000,16,0
1529000,18,0
1530000,18,0
1531000,17,0
1532000,17,0
1533000,16,0
1534000,17,0
1535000,15,0
1536000,15,0
1537000,13,0
1538000,13,0
1539000,11,0
1540000,12,0
1541000,14,0
1542000,13,0
1543000,13,0
1544000,13,0
1545000,17,0
1546000,18,0
1547000,18,0
1548000,20,0
1549000,20,0
1550000,22,0
1551000,24,0
1552000,24,0
1553000,24,0
1554000,23,0
1555000,23,0
1556000,23,0
1557000,26,0
1558000,25,0
1559000,24,0
1560000,21,0
1561000,20,0
1562000,21,0
1563000,20,0
1564000,21,0
1565000,21,0
1566000,18,0
1567000,16,0
1568000,15,0
1569000,13,0
1570000,16,0
1571000,14,0
1572000,14,0
1573000,14,0
1574000,14,0
1575000,15,0
1576000,14,0
1577000,13,0
1578000,12,0
1579000,12,0
1580000,13,0
1581000,13,0
1582000,14,0
1583000,15,0
1584000,14,0
1585000,14,0
1586000,13,0
1587000,13,0
1588000,12,0
1589000,11,0
1590000,13,0
1591000,13,0
1592000,10,0
1593000,10,0
1594000,10,0
1595000,10,0
1596000,10,0
1597000,9,0
1598000,9,0
1599000,10,0
1600000,13,0
1601000,12,0
1602000,11,0
1603000,11,0
1604000,11,0
1605000,11,0
1606000,12,0
1607000,14,0
1608000,13,0
1609000,12,0
1610000,11,0
1611000,11,0
1612000,10,0
1613000,11,0
1614000,11,0
1615000,11,0
1616000,11,0
1617000,11,0
1618000,11,0
1619000,10,0
1620000,11,0
1621000,10,0
1622000,10,0
1623000,10,0
1624000,11,0
1625000,11,0
1626000,11,0
1627000,12,0
1628000,11,0
1629000,10,0
1630000,10,0
1631000,9,0
1632000,9,0
1633000,8,0
1634000,7,0
1635000,7,0
1636000,6,0
1637000,7,0
1638000,7,0
1639000,7,0
1640000,6,0
1641000,6,0
1642000,7,0
1643000,7,0
1644000,7,0
1645000,8,0
1646000,9,0
1647000,10,0
1648000,10,0
1649000,9,0
1650000,9,0
1651000,9,0
1652000,8,0
1653000,7,0
1654000,9,0
1655000,9,0
1656000,10,0
1657000,11,0
1658000,10,0
1659000,9,0
1660000,9,0
1661000,8,0
1662000,7,0
1663000,8,0
1664000,8,0
1665000,8,0
1666000,6,0
1667000,6,0
1668000,6,0
1669000,6,0
1670000,5,0
1671000,6,0
1672000,6,0
1673000,7,0
1674000,7,0
1675000,7,0
1676000,6,0
1677000,5,0
1678000,6,0
1679000,6,0
1680000,8,0
1681000,9,0
1682000,9,0
1683000,9,0
1684000,8,0
1685000,9,0
1686000,8,0
1687000,10,0
1688000,9,0
1689000,12,0
1690000,11,0
1691000,10,0
1692000,10,0
1693000,10,0
1694000,9,0
1695000,9,0
1696000,8,0
1697000,6,0
1698000,6,0
1699000,6,0
1700000,7,0
1701000,9,0
1702000,11,0
1703000,12,0
1704000,13,0
1705000,13,0
1706000,11,0
1707000,9,0
1708000,11,0
1709000,13,0
1710000,13,0
1711000,12,0
1712000,12,0
1713000,12,0
1714000,12,0
1715000,13,0
1716000,12,0
1717000,10,0
1718000,10,0
1719000,9,0
1720000,9,0
1721000,9,0
1722000,11,0
1723000,10,0
1724000,11,0
1725000,11,0
1726000,12,0
1727000,13,0
1728000,13,0
1729000,12,0
1730000,11,0
1731000,13,0
1732000,12,0
1733000,12,0
1734000,11,0
1735000,9,0
1736000,7,0
1737000,7,0
1738000,6,0
1739000,6,0
1740000,6,0
1741000,10,0
1742000,10,0
1743000,10,0
1744000,12,0
1745000,9,0
1746000,10,0
1747000,10,0
1748000,9,0
1749000,10,0
1750000,12,0
1751000,10,0
1752000,10,0
1753000,10,0
1754000,13,0
1755000,13,0
1756000,13,0
1757000,9,0
1758000,9,0
1759000,9,0
1760000,8,0
1761000,9,0
1762000,8,0
1763000,6,0
1764000,8,0
1765000,9,0
1766000,8,0
1767000,8,0
1768000,7,0
1769000,7,0
1770000,10,0
1771000,12,0
1772000,10,0
1773000,9,0
1774000,5,0
1775000,5,0
1776000,5,0
1777000,9,0
1778000,10,0
1779000,10,0
1780000,11,0
1781000,10,0
1782000,14,0
1783000,13,0
1784000,12,0
1785000,11,0
1786000,10,0
1787000,11,0
1788000,9,0
1789000,10,0
1790000,10,0
1791000,9,0
1792000,10,0
1793000,10,0
1794000,10,0
1795000,9,0
1796000,9,0
1797000,10,0
1798000,9,0
1799000,7,0
1800000,7,0
1801000,9,0
1802000,9,0
1803000,9,0
1804000,8,0
1805000,7,0
1806000,9,0
1807000,9,0
1808000,10,0
1809000,10,0
1810000,9,0
1811000,10,0
1812000,9,0
1813000,11,0
1814000,11,0
1815000,14,0
1816000,14,0
1817000,14,0
1818000,14,0
1819000,14,0
1820000,14,0
1821000,13,0
1822000,13,0
1823000,13,0
1824000,12,0
1825000,11,0
1826000,10,0
1827000,10,0
1828000,9,0
1829000,9,0
1830000,10,0
1831000,9,0
1832000,8,0
1833000,7,0
1834000,6,0
1835000,6,0
1836000,5,0
1837000,4,0
1838000,6,0
1839000,6,0
1840000,6,0
1841000,10,0
1842000,10,0
1843000,10,0
1844000,10,0
1845000,11,0
1846000,11,0
1847000,11,0
1848000,9,0
1849000,8,0
1850000,8,0
1851000,11,0
1852000,11,0
1853000,11,0
1854000,13,0
1855000,13,0
1856000,13,0
1857000,12,0
1858000,12,0
1859000,11,0
1860000,10,0
1861000,13,0
1862000,13,0
1863000,13,0
1864000,13,0
1865000,14,0
1866000,15,0
1867000,15,0
1868000,14,0
1869000,14,0
1870000,13,0
1871000,9,0
1872000,14,0
1873000,14,0
1874000,13,0
1875000,13,0
1876000,13,0
1877000,14,0
1878000,13,0
1879000,13,0
1880000,11,0
1881000,11,0
1882000,10,0
1883000,10,0
1884000,11,0
1885000,11,0
1886000,10,0
1887000,9,0
1888000,9,0
1889000,8,0
1890000,11,0
1891000,12,0
1892000,12,0
1893000,12,0
1894000,11,0
1895000,10,0
