Generation,StartingEnergy,Speed,DetectRange,BreedEnergy,BabyEnergy,AttentionSpan,Desirability,DesirabilityThreshold,Lifespan,Age
1,46.74634,0.12845333,27.406874,26.0,17.136211,500.0,50.124622,9.556452,6240,530
1,57.614964,0.3293354,9.993428,42.0,30.265213,500.0,21.343943,5.358843,6272,766
2,68.57078,0.24047413,31.489994,50.51039,31.842722,500.0,45.123524,3.7796125,5728,758
2,55.441776,0.13233185,41.860012,54.292915,30.950447,500.0,72.693794,6.0373645,5307,874
2,5.352088,0.2605633,49.610027,10.691783,2.6510453,500.0,5.2855873,7.6845903,7109,73
2,31.885527,0.34992445,50.73191,47.10236,13.685878,500.0,20.828264,3.56665,13001,960
2,5.352088,0.30871728,49.428436,9.305144,2.894231,500.0,4.352246,7.030167,7894,73
2,70.79674,0.24906383,28.56127,102.194466,36.126125,500.0,47.237095,6.1358533,10049,1079
2,13.139967,0.3780183,57.010147,76.6289,6.2781243,500.0,61.482265,4.027451,11072,1243
2,5.352088,0.28530958,54.167286,11.313414,2.9160156,500.0,4.3126497,7.8315363,7617,73
2,5.352088,0.28283715,59.132607,8.318746,2.3568242,500.0,4.2088213,7.95053,6880,73
2,5.352088,0.2709206,50.427444,11.469927,2.5276065,500.0,5.363511,6.6802425,7302,73
2,5.352088,0.24932843,57.71415,9.464674,2.8584487,500.0,4.8846803,7.2231536,6934,73
1,197.33241,0.113162786,50.621353,71.0,38.305565,500.0,79.72332,1.1371523,5000,1767
1,111.24776,0.19664204,39.658497,2.0,2.0,500.0,1.3252338,4.6713467,8672,1992
2,13.139967,0.37292573,56.607258,70.56075,6.183918,500.0,59.584145,4.2200522,9823,177
2,13.139967,0.3505638,56.727043,59.269333,6.1449428,500.0,59.574024,4.8433237,10095,2310
1,94.338135,0.344106,54.98637,8.0,8.0,500.0,28.947529,1.8873699,16050,2593
2,8.492055,0.4294497,70.56964,82.91788,4.6772437,500.0,56.06929,8.2740555,5127,115
1,194.93387,0.36762422,13.311884,146.0,32.491173,500.0,14.127299,9.584152,17761,3334
3,64.33389,0.33098269,24.016603,111.38298,30.429482,500.0,25.463804,6.780698,11111,3259
1,145.10573,0.3642942,69.24418,18.0,3.3520882,500.0,8.106986,9.471609,6612,3712
1,52.321888,0.41098124,99.75277,106.0,12.5563755,500.0,7.001881,6.1731,13079,4966
3,17.73636,0.41298845,57.718586,63.320995,8.033948,500.0,36.93942,5.3974013,8599,371
1,112.28148,0.43285576,39.625896,75.0,23.885527,500.0,14.959952,5.6452484,7023,5825
2,27.237616,0.3672635,57.517307,48.442654,11.909419,500.0,12.307237,8.004127,7245,4486
3,10.966908,0.4465119,55.753876,91.31705,5.987904,500.0,83.286,5.0841765,6467,414
3,10.966908,0.39870992,54.135834,112.26217,5.7975183,500.0,72.05324,5.609551,6712,548
4,21.85534,0.38889694,60.17386,99.95842,11.179914,500.0,62.058254,5.6574187,6114,293
3,18.370111,0.44601557,57.303017,108.48238,9.752531,500.0,75.23705,6.5687137,4854,1180
3,18.370111,0.48592728,55.77056,112.600296,8.014709,500.0,71.58268,6.5829525,5214,1180
3,25.139565,0.38767767,50.91318,83.70073,13.385909,500.0,40.29043,6.6367507,6190,10737
5,13.503707,0.43830195,56.274746,129.39311,6.7333493,500.0,95.511444,7.4849634,4720,182
5,18.204731,0.4346807,55.651367,104.56096,8.483233,500.0,71.88025,7.4289365,5275,244
5,18.131983,0.41577274,63.347458,109.94891,9.856294,500.0,73.973595,8.15946,4437,243
5,16.077759,0.50986767,64.695786,96.5756,7.4379916,500.0,75.361244,7.4678507,5224,216
5,19.545837,0.45641246,53.93869,118.04966,10.795554,500.0,88.428215,6.1778,4949,262
4,21.85534,0.4542567,51.585136,107.23742,9.962006,500.0,53.51028,6.343253,5780,6826
5,18.697422,0.4194334,62.12278,124.94606,9.852503,500.0,88.38149,7.4403133,4847,1584
4,22.111004,0.4922095,52.81209,104.40739,12.368235,500.0,64.499214,6.9424086,5172,296
2,13.139967,0.38699847,54.88554,70.042175,5.8269415,500.0,54.403954,4.2595162,10578,17999
5,16.092327,0.49402365,63.154987,102.85674,7.99601,500.0,80.510925,7.079343,5269,216
5,16.092327,0.54841834,60.17101,113.32433,7.9187665,500.0,83.776405,7.858818,5269,349
2,29.025494,0.4110578,46.4789,103.4805,12.86276,500.0,56.084187,5.5000496,5410,17603
5,16.940742,0.4875794,49.44243,110.10064,8.668334,500.0,88.330154,7.707962,5274,227
4,22.111004,0.5112371,53.434025,93.46051,9.779407,500.0,68.53845,6.8489103,5500,7919
4,19.214542,0.5077263,55.77636,120.82015,8.96467,500.0,75.36259,6.0003676,4943,924
4,22.222723,0.40835446,48.009014,98.68977,10.018284,500.0,63.908184,6.985273,5599,13365
4,22.222723,0.43614683,56.990067,89.26899,11.357254,500.0,59.851185,6.4362884,5169,12698
5,17.575893,0.4810435,60.072334,94.332535,7.9081793,500.0,73.99506,6.4792204,5144,236
5,18.093014,0.4609852,54.744465,109.191444,8.480531,500.0,75.88462,6.7167244,4629,643
5,18.697422,0.49922243,56.742928,106.15169,9.777905,500.0,88.396126,6.5511236,4510,10473
6,15.92721,0.4778454,66.61474,117.331345,7.5781803,500.0,75.959854,7.4618382,4694,1014
3,18.370111,0.43645686,49.19322,129.01144,10.333683,500.0,85.37075,6.0691433,4449,22874
6,18.059364,0.46900964,51.97807,101.82041,8.600912,500.0,75.670586,6.5497007,4647,1176
4,17.87344,0.41241872,56.177505,108.74081,9.768243,500.0,69.95303,7.5460224,4748,17443
4,19.142616,0.4770837,51.223618,109.080215,9.212153,500.0,79.621376,6.7052574,5019,15590
1,162.48601,0.43577456,59.54665,135.0,5.139967,500.0,99.81413,6.5984607,4380,27980
5,16.092327,0.45982862,56.886593,114.19844,7.3509016,500.0,77.73014,7.788331,4513,216
6,16.575798,0.49127796,56.28318,98.97154,7.830246,500.0,88.87116,7.935036,4806,223
7,16.415586,0.45812792,55.987827,109.85263,8.755652,500.0,86.11349,7.408565,4625,220
6,15.6014385,0.4701295,63.69071,111.16816,7.631357,500.0,96.96411,7.2309184,5061,1410
6,17.508837,0.508301,58.771114,98.26884,8.160339,500.0,63.33293,6.949943,5230,235
5,18.697422,0.46327475,52.588783,119.17979,8.411835,500.0,84.37579,6.9878983,5021,13857
4,14.020827,0.50952196,62.69403,115.79243,7.08518,500.0,93.0977,6.5434217,4664,19037
4,19.142616,0.45760998,59.88747,125.622475,8.996262,500.0,67.78874,6.449624,4773,17726
6,16.683084,0.55374867,48.860195,105.687386,8.208467,500.0,86.7889,6.1649685,5122,224
5,18.697422,0.43024328,54.974022,104.573746,9.700068,500.0,75.42465,6.441909,4301,18384
4,14.020827,0.49577707,57.29979,108.97903,7.728588,500.0,83.94785,7.523548,4730,22766
6,17.689241,0.51742655,57.27963,102.58363,8.686998,500.0,77.426636,6.5823755,4728,9752
7,16.970442,0.48660207,61.40138,102.019226,7.8933105,500.0,76.634224,6.7620997,4492,628
7,17.53421,0.4702098,54.17213,96.87249,8.852249,500.0,86.7971,6.5762186,4797,1969
3,10.966908,0.40761104,61.87725,101.87346,5.150556,500.0,73.579575,4.784643,6699,28148
2,29.025494,0.45294464,44.14696,99.1587,13.2301445,500.0,57.21195,6.3953977,5577,35692
7,17.130653,0.5042818,55.007057,93.630714,8.089873,500.0,91.07964,6.99661,4452,3030
6,17.21095,0.46799105,54.784122,111.566765,8.510552,500.0,75.24707,7.136903,4479,898
7,17.53421,0.47964785,51.641735,108.728714,8.308707,500.0,75.32631,7.4806557,4380,4635
7,16.415586,0.5518994,55.105255,105.85907,8.520294,500.0,84.69742,6.733101,4351,6354
8,15.828622,0.49429896,65.92432,100.01047,8.174443,500.0,84.165474,5.9179883,4557,346
8,16.26973,0.5627966,65.66496,104.4992,7.796152,500.0,69.48506,6.776869,5702,218
3,18.370111,0.42334467,56.318253,123.37588,10.261756,500.0,69.835335,6.1188874,4958,35339
3,18.370111,0.48672464,55.54046,107.61686,8.88086,500.0,78.425385,7.063941,4582,32274
5,14.813768,0.48400363,62.846634,121.81858,7.5933294,500.0,81.49234,6.5430465,4292,17192
9,17.985828,0.49910203,53.887817,96.22532,8.927759,500.0,69.086525,8.0378685,4178,508
9,17.985828,0.55261374,59.738846,113.89204,8.566581,500.0,82.90544,7.452187,4656,1175
6,16.43536,0.5129065,63.30412,115.893364,7.4922576,500.0,74.78098,6.661262,4234,3554
7,16.876469,0.4866914,66.850555,106.98781,8.56942,500.0,63.37088,7.194925,4674,5160
8,16.68804,0.48355833,57.22818,102.91951,9.101627,500.0,86.05844,7.6140723,4520,4624
4,17.87344,0.5028024,63.063663,98.964485,8.36374,500.0,75.659546,7.411855,4876,31433
8,17.985804,0.5694138,57.185925,95.43746,8.688395,500.0,77.93852,6.9347224,4334,5381
5,18.062271,0.5128215,50.57676,107.117874,8.954496,500.0,83.50496,6.127937,4747,17971
8,16.646448,0.48854443,58.65227,108.866066,8.557491,500.0,77.89772,7.2083693,4830,223
7,16.77755,0.49089715,62.118706,100.53483,8.239922,500.0,79.00567,7.0625114,4766,6758
5,17.2446,0.45690775,54.621357,109.80849,8.217048,500.0,71.96336,7.612416,4450,19431
8,17.443495,0.54405946,55.12262,90.81246,8.214082,500.0,86.66196,6.263807,4352,767
9,16.519333,0.56304294,62.3502,110.961426,7.786656,500.0,89.188835,6.2781982,4764,888
9,16.519333,0.5206199,55.68971,110.993774,7.4596295,500.0,93.173164,6.18287,4851,622
9,17.991009,0.57171327,60.81182,107.67899,9.782658,500.0,78.45076,6.702876,4534,775
8,16.896114,0.51521575,53.439682,109.26149,8.369582,500.0,74.207016,6.789566,5279,2493
9,17.204227,0.45379478,58.269596,95.59013,8.292459,500.0,86.86205,7.1169457,4579,364
5,18.093014,0.4871064,55.84139,106.207756,8.847211,500.0,85.40171,7.2911916,4886,26807
7,16.876469,0.48170254,59.346794,113.69296,8.020455,500.0,75.06926,7.283242,5144,360
9,16.281773,0.51384526,51.10538,108.11319,7.4922748,500.0,88.71647,7.366231,4383,485
8,17.600986,0.5846115,61.05553,97.22395,8.887462,500.0,88.49107,6.6152153,3977,2994
5,15.448919,0.4559926,66.677956,97.733574,8.002866,500.0,87.00116,6.628007,5160,16392
9,16.704407,0.5900435,57.59242,99.91787,8.1177635,500.0,81.22633,7.1790915,5333,358
8,16.841856,0.53332186,54.55094,103.191536,7.500917,500.0,89.55782,6.9576573,5400,359
7,17.174538,0.5027221,59.86343,102.727646,8.0181465,500.0,96.4524,7.0200543,4246,230
9,17.324612,0.5434779,58.343235,110.764565,7.9247665,500.0,90.14,6.3263865,4195,366
9,18.748726,0.47920275,61.3539,94.55269,9.176601,500.0,80.43726,7.17535,5472,651
5,16.297333,0.44398144,60.150673,122.13323,9.038155,500.0,84.38756,6.5325837,5184,23019
9,14.893019,0.5441035,56.84978,103.89505,7.3713326,500.0,72.500275,6.779335,4731,200
10,16.870672,0.5381139,61.06205,90.24951,8.608427,500.0,90.91357,7.2570896,4145,226
9,16.42712,0.52867895,55.354263,107.778854,8.060294,500.0,76.91233,6.698362,4934,1287
7,17.130653,0.5397088,58.312973,101.88632,8.51372,500.0,92.88022,7.258936,4600,14047
10,16.437338,0.6001426,60.173267,103.812065,7.763501,500.0,79.05728,7.8291516,4504,621
8,15.60951,0.5123037,54.61551,106.03321,7.5221686,500.0,68.07286,7.6469383,4857,2210
8,17.312233,0.55593973,55.75512,105.84038,8.337677,500.0,72.764366,6.2860646,5487,899
10,18.112537,0.48270458,63.396248,87.784065,9.814614,500.0,83.63585,7.2865224,5060,910
7,15.658926,0.5393176,61.220253,97.59105,7.5517373,500.0,91.580086,6.7424407,5237,13635
10,16.216015,0.5369646,58.96415,88.6766,7.8384333,500.0,95.348625,6.9860067,4547,1684
9,17.17399,0.60418355,61.63115,105.3182,8.644521,500.0,82.965965,6.3035755,4955,1297
9,17.985828,0.57149434,61.675568,94.23471,9.75552,500.0,69.78651,7.383403,4406,6986
9,15.262748,0.49168316,54.31397,105.93894,7.7550664,500.0,74.44129,6.523678,4343,2072
9,16.071083,0.5781997,56.661896,108.60414,8.406095,500.0,65.016136,7.4739714,4743,1416
9,17.350193,0.5642337,60.288086,90.24863,9.079225,500.0,78.09756,7.658506,4241,1566
10,16.94772,0.51062876,53.750465,106.03191,8.199553,500.0,94.8452,6.9680634,4560,1427
8,17.636868,0.46729752,62.539993,109.17264,9.216214,500.0,78.919945,7.1829896,5264,1570
8,15.83518,0.53461397,53.083702,106.07853,8.473812,500.0,95.74841,6.832292,4974,10062
9,15.268416,0.61258423,62.047005,99.14026,8.040402,500.0,78.30105,6.655252,4724,205
9,17.664762,0.52397776,58.694527,104.40101,8.096343,500.0,77.3043,6.1422033,5428,1437
8,16.08334,0.54361385,61.54262,92.561325,7.42935,500.0,77.95045,7.2442245,5241,1149
10,17.631872,0.5797245,55.165825,111.803024,8.931689,500.0,88.6311,5.9923396,4705,3970
10,18.072523,0.6214954,56.473976,94.437355,9.375153,500.0,76.77545,6.704233,4549,2149
8,18.236622,0.48487443,64.17603,111.35195,9.191362,500.0,77.37498,6.4373403,4515,3445
10,17.960785,0.57033724,64.33188,111.60889,9.769554,500.0,87.31737,7.4080176,4451,1841
9,18.362186,0.53486526,61.219402,93.72049,8.568131,500.0,89.784325,6.0462546,3992,2380
10,17.903862,0.542059,63.16388,90.708855,8.927606,500.0,79.35491,6.3695273,4338,1707
9,18.771915,0.5802572,61.68509,111.1414,9.157368,500.0,83.812,7.028164,5249,2252
3,17.049385,0.42540842,62.07955,94.53696,8.9925785,500.0,58.933796,7.2573423,5829,44832
9,18.044537,0.6131218,59.821133,114.58478,9.556757,500.0,86.95159,7.3246365,4475,5975
10,16.870672,0.5402763,61.948128,100.48895,9.207734,500.0,86.68613,7.515657,4207,4226
5,16.092327,0.53470767,61.653988,107.59663,8.842031,500.0,72.37879,7.02316,4415,28545
8,16.939995,0.5192994,55.303234,107.13917,8.351434,500.0,77.06857,7.028225,4500,16546
6,17.358288,0.5379206,62.544537,107.15403,8.891093,500.0,84.02592,7.249376,4495,23492
5,16.297333,0.5296065,62.66205,102.79579,8.516258,500.0,83.87718,6.6526427,4785,30093
8,17.301105,0.57205474,59.269936,93.64872,8.635578,500.0,84.39132,7.257031,4782,10363
8,16.637548,0.53885883,64.87662,102.16467,8.849564,500.0,75.93448,6.4047337,4944,9844
10,16.443007,0.5715516,58.6099,100.98627,8.528491,500.0,85.08722,7.4892917,4187,10429
8,17.126385,0.54450214,56.33297,106.81704,8.036646,500.0,76.11681,6.9152894,4619,13722
8,17.91085,0.48828584,58.08136,98.038086,8.499428,500.0,78.02336,6.8921785,4266,9946
7,16.82143,0.4860627,54.80629,101.18125,9.12061,500.0,82.240265,7.12893,4898,20916
10,17.792166,0.51173776,55.859253,100.53419,7.9585238,500.0,80.26677,6.420054,4589,10208
7,17.174538,0.5435229,63.24714,99.48923,8.206395,500.0,85.15239,7.36853,4742,23721
9,15.567702,0.59726244,54.609577,107.67682,8.287039,500.0,72.25431,6.8209443,4965,12458
6,15.93239,0.5241501,58.45564,100.499,7.930338,500.0,87.15019,6.6536145,5190,31758
7,17.125473,0.5367798,60.79106,97.66461,9.394592,500.0,80.69386,6.5649242,4086,23062
7,16.294079,0.5631803,58.631565,98.30358,8.235292,500.0,74.68333,6.4155703,5379,24863
8,18.684711,0.5496224,62.867374,98.9229,9.673807,500.0,75.94409,6.949934,4238,12299
7,16.617336,0.5196668,60.1624,102.00729,9.076941,500.0,73.840454,7.0424623,4746,26558
8,16.284195,0.5999926,65.261406,96.863884,7.3380785,500.0,77.15747,6.795313,4936,19548
8,16.939995,0.5942669,56.39814,91.47375,9.239585,500.0,74.531364,7.023879,4967,16995
8,16.518736,0.6019568,56.491013,106.81552,8.967595,500.0,88.358696,6.3992214,4432,21416
9,17.004242,0.5833069,60.695637,97.99665,8.909444,500.0,76.10109,7.1654515,4498,13776
6,15.93239,0.546849,56.52141,100.88878,8.283443,500.0,91.8163,6.8338175,4426,30779
6,17.397118,0.48895788,59.212547,107.33847,9.290119,500.0,82.80785,6.273478,4961,27097
9,14.670488,0.53394324,62.5467,103.416,7.6715546,500.0,81.846115,7.647212,4937,16812
8,15.642232,0.5686681,57.849228,116.00264,7.33241,500.0,76.37647,7.1824536,4532,24105
7,16.721436,0.5625885,58.636517,111.25025,7.5606084,500.0,64.90439,6.993773,5319,27501
10,16.594616,0.6074296,63.388542,91.14871,8.355718,500.0,91.56557,6.917544,4398,18917
9,16.17444,0.5028228,65.21576,116.27143,8.814605,500.0,67.2456,6.698797,4371,16949
6,17.20577,0.5243445,65.1543,107.22577,8.034437,500.0,67.32128,6.850303,4966,33676
8,16.890934,0.5645569,57.391487,100.4164,9.143799,500.0,81.988205,7.551163,4334,30240
9,14.889816,0.52630126,68.49533,103.645775,7.1953764,500.0,82.35135,6.710327,4835,20934
8,16.08334,0.50924325,61.977634,97.99446,7.621125,500.0,71.766396,7.274333,4745,20799
7,17.05074,0.52527297,63.79985,103.59658,9.09471,500.0,77.1261,7.50423,5214,35047
9,17.483852,0.53463024,64.35702,101.65643,8.534107,500.0,90.24688,6.1385217,4566,20154
8,16.628677,0.5769385,66.55912,101.378845,7.637691,500.0,83.50623,6.953935,4869,22150
10,17.180534,0.5076807,65.85706,108.180374,8.294503,500.0,96.72443,6.327148,4269,20118
9,16.432789,0.532278,65.68559,105.245964,7.60124,500.0,84.22499,6.522443,4954,22901
9,17.192701,0.5686367,60.07476,105.43355,9.2480545,500.0,79.204445,7.035019,4450,23574
10,16.224886,0.5469571,56.107983,98.33658,7.341183,500.0,70.36459,7.2062016,4588,24903
8,17.629885,0.56959814,62.779324,107.065125,9.628117,500.0,76.61177,6.1265044,5230,29757
7,17.52903,0.5559899,60.478416,94.70751,8.0489025,500.0,76.7019,6.961583,4915,40541
9,15.621522,0.5471966,66.62778,98.43299,7.0520816,500.0,79.4617,7.033856,4284,26409
8,16.332346,0.5068788,56.839634,98.89521,8.357017,500.0,85.66603,7.335731,4827,38894
9,16.89479,0.5882341,59.20177,93.26625,9.104928,500.0,78.96973,7.0645537,4186,35460
9,17.985828,0.59556025,62.158714,100.650276,9.755493,500.0,84.884796,7.4545236,4456,36325
9,17.809626,0.6248056,59.87172,110.19332,8.816987,500.0,76.843216,7.365699,4457,37064
8,17.143612,0.51099116,64.6797,99.03695,9.200002,500.0,79.1286,7.5388713,4728,41220
8,17.025047,0.51030886,60.31871,105.8685,8.716375,500.0,90.24896,7.153404,5517,44367
9,17.324612,0.5911838,60.15217,107.57025,9.515069,500.0,82.29872,6.86639,4360,36767
8,15.787029,0.51120824,59.284607,105.67251,7.31343,500.0,83.13836,6.1925664,5580,38095
9,15.848668,0.58319414,63.540245,112.12707,7.745542,500.0,79.7739,6.686257,4712,38281
9,17.17399,0.62657833,56.263153,111.03735,8.174819,500.0,79.47596,6.945265,4892,45371
9,16.305674,0.5923678,62.87778,99.53188,8.664277,500.0,91.31529,6.41562,4428,46213
9,15.544474,0.56924444,62.44783,99.86619,8.255127,500.0,79.62031,6.390027,5332,47163
9,16.180109,0.62349755,67.159676,108.97643,8.140439,500.0,74.86477,7.3449545,4449,49178
9,15.386981,0.6200478,68.04056,103.61012,7.7609053,500.0,76.99199,7.1521053,5130,45948
8,17.126385,0.5324775,57.936104,105.08177,9.395804,500.0,75.63198,7.445793,4726,54890
9,15.366847,0.5210135,57.900154,114.89307,6.8800306,500.0,76.0646,6.457959,5134,57747
10,17.808075,0.55027205,54.480927,95.17281,9.143953,500.0,88.835144,7.7315474,4772,61590
