Generation,StartingEnergy,Speed,DetectRange,BreedEnergy,BabyEnergy,AttentionSpan,Desirability,DesirabilityThreshold,Age
1,16.209993,0.14540745,20.989454,145.0,47.312893,500.0,13.0062895,7.955832,217
2,12.877711,0.25959596,31.016409,66.72787,5.705342,500.0,36.864937,3.0956266,306
2,12.877711,0.31145006,28.374886,72.24381,6.3758535,500.0,36.934147,3.5467916,306
2,12.877711,0.27071008,28.339746,71.58358,7.1410537,500.0,37.29036,3.3954263,439
2,34.986416,0.2345245,41.825127,81.7468,17.77144,500.0,39.255386,2.0531578,734
1,51.94516,0.1409866,33.951633,136.0,23.910458,500.0,52.810966,8.157144,1226
1,117.84621,0.023484182,30.810452,73.0,14.398177,500.0,68.46144,3.335938,1513
2,32.690475,0.36115792,37.26831,79.783295,14.985647,500.0,30.608448,2.2167752,1503
1,138.56084,0.27800706,88.56401,121.0,43.87953,500.0,29.345036,7.44441,2463
2,32.690475,0.34464958,39.84488,76.43637,14.503278,500.0,35.43578,2.813551,2303
2,44.655003,0.2887285,65.66213,87.44311,19.610989,500.0,22.361797,4.5644336,2596
1,78.91166,0.28417662,74.48708,127.0,1.5290197,500.0,16.04444,2.652595,2653
2,32.690475,0.36601365,37.219547,73.91858,18.260593,500.0,30.241154,2.0925088,2970
1,178.56514,0.28943434,32.631596,72.0,12.10224,500.0,45.756607,4.202664,3652
1,142.51096,0.282633,28.512081,76.0,0.7754715,500.0,20.410652,2.067653,4126
1,167.55217,0.1506009,33.099808,143.0,16.132618,500.0,89.46954,1.2972662,4235
2,32.690475,0.41116726,37.662075,75.94504,14.372787,500.0,31.748981,2.2161658,6970
3,24.19181,0.45403418,46.36017,111.51466,12.501687,500.0,39.914574,1.4194154,1656
3,19.007532,0.46580777,38.147236,111.2847,10.010913,500.0,47.899723,1.9894685,4921
3,32.450977,0.4293019,45.94409,110.86731,16.255363,500.0,24.228472,0.96739787,967
4,22.762321,0.4504492,38.00753,110.833755,10.459434,500.0,42.444656,1.7768209,837
1,31.648413,0.46111122,40.159027,134.0,6.678461,500.0,53.816193,2.084668,11933
4,20.056232,0.45405644,47.932743,127.41279,9.448608,500.0,47.494385,1.978991,801
4,22.762321,0.44553638,40.812023,105.34259,12.136323,500.0,43.41685,1.6642593,2171
3,24.19181,0.47133893,46.4941,102.669525,12.04162,500.0,39.77364,1.4691243,4190
4,27.668388,0.44616815,49.241722,111.742256,12.662812,500.0,29.656063,1.2879198,2236
2,27.266699,0.474581,43.561146,119.34317,13.8337145,500.0,34.348114,1.444752,14447
4,25.374975,0.47384503,39.373173,124.81347,13.865386,500.0,41.515533,1.483864,3139
3,19.007532,0.46347183,44.475113,109.7725,9.622981,500.0,46.469173,1.996044,13864
4,26.7303,0.5388722,41.55823,123.29324,12.30372,500.0,42.374825,1.3884345,4224
3,24.19181,0.44478002,44.493553,111.739334,11.692588,500.0,38.03577,1.5091966,7923
5,34.062454,0.44963932,49.374725,94.15488,17.061123,500.0,30.067606,1.1713939,2855
3,35.52996,0.4720293,45.69969,106.04594,15.805651,500.0,23.032867,1.1429298,11597
4,26.7303,0.44213858,46.717533,113.459145,14.709769,500.0,40.014153,1.4679823,7823
3,32.91731,0.4452407,44.13598,106.58641,15.302459,500.0,24.877058,1.1803154,16573
3,19.007532,0.48106107,42.634827,126.17153,10.433251,500.0,48.788715,1.8130248,17142
4,27.166397,0.46204504,50.19409,106.12956,14.202118,500.0,36.14067,1.1392889,496
2,27.266699,0.4460005,46.96932,113.634415,11.862739,500.0,38.684402,1.2314516,22191
4,25.920029,0.45113468,49.476006,113.87352,13.950947,500.0,38.100136,1.3803489,12213
5,33.497536,0.49955902,47.647392,91.122765,15.296995,500.0,24.950615,0.8567139,1380
5,39.70897,0.48214304,44.759903,100.80012,18.896034,500.0,17.845404,0.8944797,11730
6,26.505928,0.53452265,43.00821,117.17796,12.205942,500.0,32.13167,1.1664006,1154
2,27.266699,0.4866414,41.901222,101.72307,12.329071,500.0,37.44388,1.503699,30588
6,26.884838,0.48337883,41.477512,107.082,12.91493,500.0,34.80492,1.0841862,1026
6,32.31254,0.49771115,42.256165,102.32745,15.258338,500.0,26.693869,0.96081024,3765
2,27.266699,0.42196178,44.834698,102.72446,14.941724,500.0,33.152763,1.4217085,30368
6,26.70475,0.47933203,43.766968,105.88328,14.743296,500.0,28.323881,1.1232151,5290
4,26.7303,0.4642403,47.20701,123.17084,13.68113,500.0,39.00015,1.3154086,21291
6,31.850891,0.49115282,46.708157,107.37571,17.106386,500.0,26.241516,1.0738437,4025
6,34.95613,0.47667938,51.411404,96.816986,17.694323,500.0,24.549738,0.84446347,3933
6,34.29641,0.52075285,43.977795,100.50327,18.026365,500.0,22.357191,0.8962905,458
7,34.575867,0.4854464,48.010426,100.431145,15.935231,500.0,26.496777,0.9436493,1795
3,26.804462,0.4726616,43.709106,110.196396,13.420833,500.0,36.73492,1.4572555,30892
6,33.503494,0.49896404,49.126728,98.79076,16.64863,500.0,23.593998,0.923304,4047
4,31.457586,0.48355538,46.585033,91.52734,14.915123,500.0,26.782894,1.064819,1753
7,36.28592,0.4821558,43.681084,96.94068,19.583279,500.0,23.660295,0.97553355,751
7,30.440067,0.47878444,47.22642,104.99905,15.002623,500.0,28.034588,1.0900886,806
5,35.417778,0.49242687,46.417313,97.41609,16.303007,500.0,26.026728,0.8439997,15905
6,34.506607,0.49927,44.09706,113.99728,16.831343,500.0,30.212269,1.0384053,727
7,32.21417,0.4862193,44.72484,99.895935,17.66146,500.0,31.324495,1.0479969,3363
7,34.575867,0.45119232,46.505253,105.34139,16.775156,500.0,27.712112,0.97889495,5261
7,33.9312,0.48023048,50.26352,101.16517,16.597006,500.0,22.104467,1.0186833,2320
6,33.246082,0.45206025,50.810265,101.23198,18.308462,500.0,23.736122,1.130607,9244
6,33.215973,0.48478618,44.361286,93.33343,18.068304,500.0,22.955631,0.9796136,15243
5,35.417778,0.50984424,44.48194,106.79973,16.01549,500.0,26.764242,0.9692151,30606
8,35.293026,0.55237687,46.584454,109.487625,18.79313,500.0,28.42888,1.198239,2604
7,36.28592,0.52940214,43.891827,87.03751,18.768076,500.0,21.546036,0.86927736,7018
9,35.337765,0.48214698,48.31352,88.63789,16.996084,500.0,25.701708,0.93241066,3005
6,32.13245,0.4916445,50.92745,108.88929,16.987413,500.0,25.613365,0.9708024,4029
8,35.9308,0.51720023,46.024403,110.77163,16.978262,500.0,27.409824,0.9866068,5546
7,33.77294,0.50368994,47.09372,101.094315,18.048452,500.0,27.977793,0.8415413,9170
6,33.03589,0.46940115,50.633343,103.55505,17.006931,500.0,25.217926,0.9138572,14881
5,33.497536,0.48380598,49.01411,100.97359,17.095926,500.0,26.693861,0.8694261,25231
7,37.0012,0.4895915,53.414497,108.51102,18.884426,500.0,19.279707,0.76991725,4494
3,24.19181,0.49574602,46.101364,111.037445,10.869349,500.0,38.831947,1.2778198,46342
9,31.853615,0.4900963,44.849766,99.531204,16.540154,500.0,25.161762,1.0593638,1759
7,34.17669,0.56018674,44.042397,119.8165,17.882347,500.0,28.856161,1.056951,16141
9,32.53263,0.5230236,50.80986,107.169075,15.576836,500.0,29.867136,1.0309104,2301
7,25.672836,0.5154577,44.43062,114.47198,13.536484,500.0,39.94141,1.0842667,16743
6,32.13245,0.5140691,48.15941,104.17364,16.162975,500.0,24.970621,0.9192165,9762
8,31.862709,0.53012526,47.652122,111.250824,14.64391,500.0,29.118008,1.1683637,1092
8,30.088608,0.5267813,47.237053,106.532936,13.925417,500.0,30.393288,0.9998843,1468
7,33.063057,0.48480543,47.790882,103.369286,15.602522,500.0,28.002184,1.0109206,1375
4,36.885284,0.48854703,46.79744,92.81867,19.12073,500.0,22.578236,0.8766092,48610
4,36.885284,0.4860221,47.342606,95.499016,17.200485,500.0,22.735981,0.91107446,37421
9,34.51992,0.5138432,44.31762,104.79247,16.43543,500.0,33.544773,1.1756471,1127
8,30.088608,0.5029049,44.183807,112.08811,13.614306,500.0,29.583122,1.1762062,2002
7,30.546225,0.5797332,46.131744,97.04641,16.629572,500.0,26.09966,0.9819483,541
10,33.35634,0.5613119,52.755337,118.53275,17.704609,500.0,31.35484,1.2196962,845
7,32.907925,0.52533555,50.66698,103.40581,16.843155,500.0,25.272108,0.9190317,5773
9,32.514084,0.47448033,50.717567,110.83977,17.374886,500.0,25.108307,1.0468369,8967
7,31.379314,0.5780808,48.062656,100.38611,16.085468,500.0,23.69786,1.1064448,4019
10,31.492771,0.57650656,49.03514,109.15572,15.067812,500.0,31.002775,0.9714529,5087
6,35.423737,0.5116435,49.860886,93.138725,17.165188,500.0,21.805134,0.930646,29156
10,33.33779,0.5312641,50.91486,102.57741,16.625816,500.0,30.979393,1.103485,712
8,31.617218,0.5372429,47.32824,102.90186,17.402887,500.0,29.651413,0.8849531,3755
9,31.236515,0.5369073,54.770332,94.22491,15.993217,500.0,24.1963,1.121569,7217
5,29.990078,0.5340654,46.988575,110.14598,15.636579,500.0,27.79773,1.0975744,37058
1,199.47253,0.47023174,51.252865,93.0,20.588238,500.0,17.117142,0.76683617,66379
8,31.862709,0.47465464,49.002018,106.45063,16.81429,500.0,31.172419,1.060495,11625
4,31.021488,0.48815766,46.524395,110.39921,17.410679,500.0,28.596235,1.1639758,52761
11,31.328331,0.5753984,46.27746,102.12917,15.020113,500.0,33.785625,1.0658991,2018
9,31.644897,0.51634306,46.268147,87.46781,17.08276,500.0,30.731876,0.94183743,2156
11,31.895782,0.54332596,49.485653,109.051544,17.371054,500.0,25.828318,1.1867063,2159
8,31.21804,0.49935225,47.900543,110.05466,16.772346,500.0,30.797497,0.9641838,2950
10,31.492771,0.53646076,54.30683,113.88456,16.838062,500.0,35.815437,1.150928,10554
7,28.034536,0.5537108,45.013725,93.67051,12.648244,500.0,28.685143,1.12511,26108
9,31.853615,0.5616586,45.31094,101.120224,14.713827,500.0,26.336744,0.9984019,12629
8,30.749077,0.5868553,46.331726,105.96638,15.010823,500.0,31.237011,1.0640521,4944
8,30.194765,0.5917493,49.968933,98.97969,15.315774,500.0,28.09512,1.0718203,403
6,31.850891,0.5425325,49.210957,108.898384,16.76601,500.0,27.627504,0.93874985,34728
7,33.462234,0.5191038,52.72946,104.373535,15.099939,500.0,23.900776,1.0507766,14047
5,33.497536,0.5049456,49.796055,93.58878,15.8354025,500.0,24.233053,0.9839273,46526
11,33.82789,0.5640242,44.8822,117.48885,15.948053,500.0,28.61317,1.0304875,2985
9,34.51992,0.5152924,46.2842,111.21089,16.441246,500.0,32.233112,0.9933975,2594
3,34.42195,0.5012484,48.75693,106.43627,16.297049,500.0,29.010166,0.98561645,66432
11,32.531773,0.53943133,51.859444,108.76251,15.028679,500.0,27.647871,1.1244589,834
8,30.194765,0.5716021,53.688942,90.893105,15.902161,500.0,32.041916,1.0432544,13924
12,33.824043,0.5041566,50.238453,106.12763,18.647324,500.0,29.869286,1.0794739,2585
8,32.656353,0.5461477,51.79219,108.93556,17.115734,500.0,33.0125,1.0804436,1103
9,30.670036,0.51688564,48.994877,107.73682,15.206975,500.0,27.828117,1.011886,676
8,31.617218,0.5082476,48.779667,99.08173,16.868576,500.0,31.09028,1.0320747,19089
8,33.007812,0.5849359,50.628895,105.16345,15.289556,500.0,32.40778,1.1484723,6174
10,35.245064,0.5885384,44.195362,103.954735,16.599909,500.0,27.119213,1.0783124,4737
7,33.153416,0.5438698,46.914196,101.04637,18.204323,500.0,29.237705,0.985396,21387
10,31.855524,0.52149093,52.35871,99.04762,16.19825,500.0,30.670513,0.92614734,1225
9,30.474106,0.51481223,49.758305,101.76077,13.755747,500.0,27.033878,0.9943314,1340
10,31.998802,0.6016128,44.80117,97.887985,17.55378,500.0,32.490303,0.9437634,694
12,30.071747,0.5117621,48.64288,108.684685,15.444972,500.0,32.13793,0.9540482,1468
9,27.256727,0.51364607,47.930523,107.38392,14.6485815,500.0,33.70776,1.0413682,497
8,29.11224,0.53690434,48.32893,109.6289,13.078656,500.0,30.378944,1.0234895,2789
9,31.335075,0.5784647,51.11368,101.50943,15.616083,500.0,30.76066,1.2482142,685
9,32.151,0.5502393,44.645744,96.91,17.546772,500.0,31.12476,1.0196297,27961
7,32.1557,0.5680311,55.709167,100.15299,17.60135,500.0,25.431986,0.89535666,15363
11,30.460268,0.590342,51.27577,107.4369,14.725665,500.0,28.554897,1.0681027,2273
12,29.92847,0.4980887,50.443787,101.77009,15.326914,500.0,31.293339,1.0314127,7199
6,32.732506,0.5152897,52.07332,107.436554,16.412964,500.0,25.4316,0.9629634,47925
9,30.767628,0.5754466,48.33131,115.00031,15.048391,500.0,31.692516,1.1069065,5477
12,29.87679,0.60464317,54.405174,104.652115,16.479687,500.0,31.85878,1.0340166,7065
12,30.21223,0.51722705,51.79151,106.800896,14.563488,500.0,32.23162,1.0834788,2137
8,29.11224,0.4929962,48.922314,103.27673,13.468849,500.0,34.913208,1.0216165,5722
9,30.669064,0.5628169,47.85666,98.03891,16.464022,500.0,27.534986,1.0474036,5743
12,32.684185,0.54685545,53.552937,108.915375,16.417368,500.0,28.500046,1.0018144,1503
10,33.35634,0.5819957,46.852757,110.05178,16.876303,500.0,28.51228,1.0602612,28704
12,32.76934,0.60701656,48.917725,101.91154,17.016537,500.0,28.569103,1.0391158,1504
6,32.13245,0.54607326,49.030518,95.6463,15.742736,500.0,24.847805,0.98843443,38884
10,31.297813,0.60470426,47.51444,103.50821,16.700722,500.0,35.376015,0.9683564,9262
8,34.46142,0.5421358,47.87116,96.03879,16.217035,500.0,25.405193,0.9175889,43098
12,31.990269,0.5589986,53.804333,120.475655,17.489614,500.0,30.896297,1.0949165,1494
13,29.381552,0.5755483,51.58788,95.77258,13.42288,500.0,40.56635,1.0510957,1059
14,31.606594,0.6236416,52.31916,111.10658,16.42286,500.0,27.962393,0.89924943,955
12,30.803574,0.65138954,48.17866,97.41396,15.1865015,500.0,26.427198,0.9938117,945
12,32.092842,0.5800652,53.765663,119.903824,16.503517,500.0,32.26784,1.1137581,1228
11,33.741463,0.5463174,50.020298,109.57668,16.845736,500.0,30.589552,1.0461416,8717
11,32.907124,0.61542434,49.638252,108.937004,15.951373,500.0,30.119564,1.0446285,706
10,29.419249,0.5598755,47.201115,120.03069,13.755499,500.0,29.921055,1.2066691,926
10,29.846859,0.618734,52.519814,110.48244,13.442096,500.0,31.75973,0.90358573,532
13,27.708874,0.5366499,51.20663,116.94062,15.026289,500.0,29.684883,1.103663,1970
12,31.990269,0.59313005,54.687798,123.24966,14.603995,500.0,31.573395,1.0560427,827
15,32.65614,0.5377949,52.347843,114.25846,17.606125,500.0,36.313976,1.0579411,1503
11,32.12805,0.55838794,55.663536,111.317924,16.476725,500.0,29.059162,1.2087274,5229
14,35.62715,0.6229917,51.143604,103.63174,16.844097,500.0,31.556673,1.0351245,2076
9,33.480785,0.52114934,52.128746,100.57288,17.090712,500.0,25.827618,0.9506055,42580
14,32.52198,0.55196935,53.835205,106.963,15.028627,500.0,32.553482,1.1779013,4034
12,29.92847,0.58914846,48.72682,113.67493,14.760898,500.0,31.1347,1.0555365,22070
14,29.860485,0.5242979,51.839584,110.323204,15.291519,500.0,37.834187,1.1645973,4132
12,33.50639,0.5541237,52.539234,104.013176,16.66151,500.0,25.267313,0.967348,20180
13,31.137108,0.5445553,49.11015,97.6028,15.283855,500.0,28.056826,0.9957664,18816
11,32.31578,0.56188995,48.252106,96.90622,17.446497,500.0,28.45454,1.0900081,34698
9,32.72856,0.5529555,49.99911,105.4329,17.040741,500.0,29.792679,1.0551065,51060
8,29.255518,0.55327064,46.692486,109.71855,15.535385,500.0,36.214493,0.98715997,18850
8,28.76078,0.5783225,51.523895,105.72011,12.947975,500.0,31.879248,1.0113633,33067
7,30.638891,0.52678317,53.294804,101.979,15.019479,500.0,28.630516,1.1232529,66275
10,31.754568,0.5906265,51.765846,102.380585,17.512293,500.0,27.834814,1.0429265,55323
11,31.895782,0.54155636,50.764435,112.63612,15.619719,500.0,30.370785,1.020166,56853
9,28.7091,0.5482868,50.146812,118.56941,14.474771,500.0,38.703133,1.0876775,53658
14,33.86309,0.63262165,49.726105,102.05618,17.280266,500.0,30.980028,1.1394244,43653
9,30.525787,0.5102771,52.934177,103.95883,14.857027,500.0,27.77713,0.9263276,54477
13,31.46857,0.61462474,48.90422,112.511734,15.375639,500.0,29.32863,0.9463665,54155
13,30.56577,0.6146759,48.737915,108.1174,16.41894,500.0,28.348078,0.97655165,61476
6,26.505928,0.52815115,51.205624,108.39244,14.803489,500.0,33.76644,1.1387398,137732
15,31.016365,0.64068395,47.738506,106.16932,14.535618,500.0,34.83405,0.9067924,84550
12,31.826538,0.61782545,52.488983,99.253876,14.9295225,500.0,37.989307,1.1035457,98233
13,33.922394,0.5291489,55.46074,103.74475,16.225193,500.0,27.286322,1.1717095,91789
8,32.685837,0.57888794,48.021187,118.17956,16.315598,500.0,31.944817,1.1619436,140896
11,31.135036,0.6015602,51.848743,107.40025,16.976822,500.0,30.369766,1.0136565,102286
15,30.472137,0.64564586,53.69542,93.459854,14.726006,500.0,33.757572,0.9923532,161416
12,29.665813,0.578478,50.761337,98.992905,15.210393,500.0,33.119045,0.9499596,200663
13,30.657887,0.5865736,48.809425,104.25048,15.058211,500.0,36.374294,1.0709047,269751
11,31.821045,0.57276726,50.574493,102.842445,15.408743,500.0,27.400227,1.0827107,290801
12,32.76934,0.5877248,51.137104,108.437935,15.1709385,500.0,33.50261,0.87078965,277440
7,31.216454,0.5397325,52.471313,99.52643,14.308752,500.0,32.773254,0.9940305,344595
8,31.21804,0.6072996,48.076336,115.83339,14.2570715,500.0,34.202938,0.94460946,352299
15,31.499193,0.57068247,53.918045,106.04529,16.696522,500.0,29.774323,0.96022373,324032
13,29.238274,0.5678549,56.464893,106.116394,15.408457,500.0,36.190353,1.1378487,459597
16,31.961788,0.6162219,47.611774,101.021286,15.074588,500.0,35.611294,1.1868843,710851
